 height profile
 day=150, ut=12.0, glat=-45.0, glon= -85.0, stl= 6.3, ap= 80.0
                       quiet             disturbed                 total
   alt         mer       zon         mer       zon         mer       zon
    0.       0.031     6.271       0.000    -0.000       0.031     6.271
   25.       2.965    25.115       0.000    -0.000       2.965    25.115
   50.      -6.627    96.343       0.000    -0.000      -6.627    96.343
   75.       2.238    44.845       0.000    -0.000       2.238    44.845
  100.     -14.339    31.627       0.086    -0.037     -14.253    31.590
  125.      15.125    21.110      22.279    -9.483      37.403    11.628
  150.      -1.683   -14.391      44.472   -18.929      42.789   -33.319
  175.     -24.280   -31.019      44.558   -18.965      20.278   -49.984
  200.     -19.531   -49.623      44.558   -18.965      25.027   -68.588
  225.     -10.261   -61.057      44.558   -18.965      34.297   -80.022
  250.      -4.150   -68.595      44.558   -18.965      40.408   -87.560
  275.      -0.122   -73.564      44.558   -18.965      44.436   -92.530
  300.       2.534   -76.840      44.558   -18.965      47.092   -95.806
  325.       4.285   -79.000      44.558   -18.965      48.843   -97.965
  350.       5.439   -80.424      44.558   -18.965      49.997   -99.389
  375.       6.200   -81.362      44.558   -18.965      50.758  -100.327
  400.       6.702   -81.981      44.558   -18.965      51.259  -100.946


 latitude profile
 day=305, ut=18.0, alt=250.0, glon=  30.0, stl=20.0, ap= 48.0
                       quiet             disturbed                 total
  glat         mer       zon         mer       zon         mer       zon
 -90.0     -37.423   130.673     -86.773    46.502    -124.197   177.174
 -80.0     -16.364    76.079    -133.904   -12.215    -150.268    63.864
 -70.0      12.734    40.446    -137.274  -112.417    -124.540   -71.971
 -60.0      35.676    53.028     -58.808  -158.941     -23.132  -105.913
 -50.0      47.513    83.641     -16.136  -111.817      31.377   -28.176
 -40.0      50.456    87.682     -10.932   -51.150      39.524    36.532
 -30.0      48.334    69.088       7.971   -36.298      56.305    32.790
 -20.0      45.757    68.768      15.092   -34.427      60.849    34.341
 -10.0      46.997    99.279      11.120   -26.603      58.117    72.676
   0.0      50.930   126.837       5.821   -16.657      56.751   110.180
  10.0      50.389   124.748       0.659   -13.275      51.048   111.472
  20.0      40.982   110.968      -5.329   -20.421      35.653    90.547
  30.0      27.572   112.203     -12.740   -34.467      14.832    77.736
  40.0      16.513   116.979     -15.446   -41.985       1.068    74.993
  50.0       3.940    96.754      -6.688   -54.782      -2.749    41.972
  60.0     -20.111    61.456      -7.001  -202.013     -27.112  -140.557
  70.0     -54.689    56.348     -36.510   -52.515     -91.199     3.833
  80.0     -83.216    97.972    -103.542    81.980    -186.757   179.951
  90.0     -90.879   144.768     -75.838    90.679    -166.717   235.447


